#Bandwidth	Vehicle Utilization	Number Initial Setup Jobs	Job Rate	Job Processing Time		Cars Arrived	Cars Departed	Jobs Completed	Jobs Failed	Jobs Total	VM Migrations Successful	VM Migrations Failed	VM Migrations Total	Avg Job Completion Time	MTTF	avg success VM Migration Time	avg jobs in initial setup	avg jobs in parking lot	avg jobs in job queue	avg cars in parking lot
7500	80	100	0.05	30	Results	100789	53766	18319	0	18319	0	0	0	227	0	0	100	420	92004	2558																																																																								
7500	80	100	0.05	60	Results	100789	53766	18249	0	18249	0	0	0	262	0	0	100	483	92014	2558																																																																								
7500	80	100	0.05	90	Results	100789	53766	18094	22	18116	118	0	118	304	800	15	100	555	92063	2558																																																																								
7500	80	100	0.05	120	Results	100789	53766	17620	367	17987	243	291	534	355	576	34	100	628	92427	2558																																																																								
7500	80	100	0.05	150	Results	100789	53766	17237	625	17862	419	521	940	415	575	38	100	702	92719	2558																																																																								
7500	80	100	0.05	180	Results	100789	53766	16711	921	17632	786	806	1592	490	592	37	100	780	93110	2558																																																																								
7500	80	100	0.05	210	Results	100789	53766	16351	1224	17575	1052	1065	2117	582	554	39	100	881	93374	2558																																																																								
7500	80	100	0.05	240	Results	100789	53766	11671	4690	16361	3926	4181	8107	1062	572	37	99	1121	94991	2558																																																																								
7500	80	100	0.05	270	Results	100789	53766	10405	5128	15533	4682	4687	9369	1211	578	39	99	1162	95361	2558																																																																								
7500	80	100	0.05	300	Results	100789	53766	9683	6227	15910	5030	5751	10781	1407	571	43	99	1177	95619	2558																																																																								


7500	80	100	0.1	30	Results	100789	53766	18325	0	18325	0	0	0	225	0	0	100	417	41689	2558																																																																								
7500	80	100	0.1	60	Results	100789	53766	18216	0	18216	0	0	0	257	0	0	100	474	41716	2558																																																																								
7500	80	100	0.1	90	Results	100789	53766	18115	0	18115	0	0	0	292	0	0	100	535	41730	2558																																																																								
7500	80	100	0.1	120	Results	100789	53766	18017	3	18020	17	0	17	326	600	21	100	596	41738	2558																																																																								
7500	80	100	0.1	150	Results	100789	53766	17840	18	17858	202	0	202	367	643	23	100	663	41826	2558																																																																								
7500	80	100	0.1	180	Results	100789	53766	17413	322	17735	533	235	768	427	598	26	100	748	42170	2558																																																																								
7500	80	100	0.1	210	Results	100789	53766	17016	617	17633	842	486	1328	516	595	26	100	875	42456	2558																																																																								
7500	80	100	0.1	240	Results	100789	53766	11884	4133	16017	3842	3642	7484	997	583	35	100	1126	44476	2558																																																																								
7500	80	100	0.1	270	Results	100789	53766	10340	5131	15471	4673	4608	9281	1200	597	40	99	1167	45013	2558																																																																								
7500	80	100	0.1	300	Results	100789	53766	9670	6076	15746	4918	5601	10519	1409	581	44	99	1173	45323	2558																																																																								


7500	80	100	0.15	30	Results	100789	53766	18308	0	18308	0	0	0	225	0	0	100	416	24749	2558																																																																								
7500	80	100	0.15	60	Results	100789	53766	18220	0	18220	0	0	0	256	0	0	100	471	24775	2558																																																																								
7500	80	100	0.15	90	Results	100789	53766	18104	0	18104	0	0	0	288	0	0	100	527	24797	2558																																																																								
7500	80	100	0.15	120	Results	100789	53766	18020	0	18020	0	0	0	320	0	0	100	585	24802	2558																																																																								
7500	80	100	0.15	150	Results	100789	53766	17917	7	17924	0	0	0	355	849	0	100	644	24832	2558																																																																								
7500	80	100	0.15	180	Results	100789	53766	17827	6	17833	18	0	18	392	902	14	100	710	24831	2558																																																																								
7500	80	100	0.15	210	Results	100789	53766	17766	4	17770	177	0	177	455	1284	12	99	819	24843	2558																																																																								
7500	80	100	0.15	240	Results	100789	53766	11726	4101	15827	3758	3668	7426	954	584	35	99	1124	27291	2558																																																																								
7500	80	100	0.15	270	Results	100789	53766	10791	4970	15761	4533	4501	9034	1180	591	40	99	1145	27984	2558																																																																								
7500	80	100	0.15	300	Results	100789	53766	10561	5619	16180	4647	5155	9802	1326	575	42	99	1142	28176	2558																																																																								


7500	80	100	0.2	30	Results	100789	53766	18323	0	18323	0	0	0	224	0	0	100	416	16069	2558																																																																								
7500	80	100	0.2	60	Results	100789	53766	18213	0	18213	0	0	0	255	0	0	100	470	16102	2558																																																																								
7500	80	100	0.2	90	Results	100789	53766	18092	0	18092	0	0	0	287	0	0	100	525	16137	2558																																																																								
7500	80	100	0.2	120	Results	100789	53766	18005	0	18005	0	0	0	318	0	0	100	581	16136	2558																																																																								
7500	80	100	0.2	150	Results	100789	53766	17921	0	17921	0	0	0	352	0	0	100	639	16156	2558																																																																								
7500	80	100	0.2	180	Results	100789	53766	17826	0	17826	0	0	0	384	0	0	100	695	16178	2558																																																																								
7500	80	100	0.2	210	Results	100789	53766	17787	24	17811	23	0	23	445	655	13	99	803	16158	2558																																																																								
7500	80	100	0.2	240	Results	100789	53766	17460	40	17500	853	2	855	518	851	11	99	924	16189	2558																																																																								
7500	80	100	0.2	270	Results	100789	53766	13908	2633	16541	3579	2327	5906	813	574	30	99	1082	17226	2558																																																																								
7500	80	100	0.2	300	Results	100789	53766	11010	5063	16073	4882	4605	9487	1210	585	40	99	1162	18934	2558																																																																								


7500	80	100	0.25	30	Results	100789	53766	18316	0	18316	0	0	0	224	0	0	100	415	11031	2558																																																																								
7500	80	100	0.25	60	Results	100789	53766	18197	0	18197	0	0	0	255	0	0	100	469	11073	2558																																																																								
7500	80	100	0.25	90	Results	100789	53766	18082	0	18082	0	0	0	286	0	0	100	524	11100	2558																																																																								
7500	80	100	0.25	120	Results	100789	53766	17977	0	17977	0	0	0	317	0	0	100	578	11117	2558																																																																								
7500	80	100	0.25	150	Results	100789	53766	17922	0	17922	0	0	0	350	0	0	100	635	11122	2558																																																																								
7500	80	100	0.25	180	Results	100789	53766	17817	0	17817	0	0	0	382	0	0	99	691	11137	2558																																																																								
7500	80	100	0.25	210	Results	100789	53766	17783	10	17793	9	0	9	441	641	13	99	794	11130	2558																																																																								
7500	80	100	0.25	240	Results	100789	53766	17336	62	17398	744	3	747	513	722	10	99	916	11160	2558																																																																								
7500	80	100	0.25	270	Results	100789	53766	11707	3967	15674	4131	3532	7663	981	588	38	99	1129	13173	2558																																																																								
7500	80	100	0.25	300	Results	100789	53766	10290	5457	15747	4756	5038	9794	1265	584	42	99	1162	14078	2558																																																																								


7500	80	100	0.3	30	Results	100789	53766	18310	0	18310	0	0	0	224	0	0	100	414	7473	2558																																																																								
7500	80	100	0.3	60	Results	100789	53766	18208	0	18208	0	0	0	255	0	0	100	469	7497	2558																																																																								
7500	80	100	0.3	90	Results	100789	53766	18080	0	18080	0	0	0	286	0	0	100	523	7534	2558																																																																								
7500	80	100	0.3	120	Results	100789	53766	17982	0	17982	0	0	0	316	0	0	100	576	7553	2558																																																																								
7500	80	100	0.3	150	Results	100789	53766	17916	0	17916	0	0	0	349	0	0	99	633	7558	2558																																																																								
7500	80	100	0.3	180	Results	100789	53766	17807	0	17807	0	0	0	382	0	0	99	690	7578	2558																																																																								
7500	80	100	0.3	210	Results	100789	53766	17787	5	17792	25	1	26	445	576	9	99	802	7565	2558																																																																								
7500	80	100	0.3	240	Results	100789	53766	17382	39	17421	719	3	722	506	774	14	99	901	7605	2558																																																																								
7500	80	100	0.3	270	Results	100789	53766	13000	3353	16353	3739	2961	6700	889	597	35	99	1091	9055	2558																																																																								
7500	80	100	0.3	300	Results	100789	53766	10941	5206	16147	4616	4704	9320	1223	584	42	99	1140	10436	2558																																																																								


7500	80	100	0.35	30	Results	100789	53766	18325	0	18325	0	0	0	223	0	0	100	414	5014	2558																																																																								
7500	80	100	0.35	60	Results	100789	53766	18213	0	18213	0	0	0	254	0	0	100	468	5048	2558																																																																								
7500	80	100	0.35	90	Results	100789	53766	18084	0	18084	0	0	0	285	0	0	100	522	5090	2558																																																																								
7500	80	100	0.35	120	Results	100789	53766	17980	0	17980	0	0	0	316	0	0	100	576	5106	2558																																																																								
7500	80	100	0.35	150	Results	100789	53766	17894	0	17894	0	0	0	348	0	0	99	632	5117	2558																																																																								
7500	80	100	0.35	180	Results	100789	53766	17800	0	17800	0	0	0	381	0	0	99	690	5121	2558																																																																								
7500	80	100	0.35	210	Results	100789	53766	17796	15	17811	18	1	19	447	645	9	99	805	5117	2558																																																																								
7500	80	100	0.35	240	Results	100789	53766	17588	33	17621	608	2	610	495	866	14	99	882	5184	2558																																																																								
7500	80	100	0.35	270	Results	100789	53766	12410	3410	15820	3633	3031	6664	952	592	37	99	1084	6959	2558																																																																								
7500	80	100	0.35	300	Results	100789	53766	11960	4383	16343	4023	3944	7967	1092	583	40	99	1098	7297	2558																																																																								


7500	80	100	0.4	30	Results	100789	53766	18309	0	18309	0	0	0	223	0	0	99	412	3328	2558																																																																								
7500	80	100	0.4	60	Results	100789	53766	18211	0	18211	0	0	0	253	0	0	99	466	3361	2558																																																																								
7500	80	100	0.4	90	Results	100789	53766	18079	0	18079	0	0	0	284	0	0	99	520	3394	2558																																																																								
7500	80	100	0.4	120	Results	100789	53766	17973	0	17973	0	0	0	315	0	0	99	574	3423	2558																																																																								
7500	80	100	0.4	150	Results	100789	53766	17888	0	17888	0	0	0	348	0	0	99	630	3441	2558																																																																								
7500	80	100	0.4	180	Results	100789	53766	17816	0	17816	0	0	0	383	0	0	99	692	3454	2558																																																																								
7500	80	100	0.4	210	Results	100789	53766	17753	3	17756	65	0	65	445	1028	8	99	800	3442	2558																																																																								
7500	80	100	0.4	240	Results	100789	53766	17386	92	17478	909	39	948	513	673	19	99	905	3607	2558																																																																								
7500	80	100	0.4	270	Results	100789	53766	11793	4099	15892	3768	3651	7419	1049	600	39	98	1093	5825	2558																																																																								
7500	80	100	0.4	300	Results	100789	53766	11149	5097	16246	4379	4668	9047	1153	560	42	98	1138	5895	2558																																																																								


7500	80	100	0.45	30	Results	100789	53766	18316	0	18316	0	0	0	221	0	0	99	410	1834	2558																																																																								
7500	80	100	0.45	60	Results	100789	53766	18192	0	18192	0	0	0	252	0	0	99	464	1872	2558																																																																								
7500	80	100	0.45	90	Results	100789	53766	18091	0	18091	0	0	0	283	0	0	99	518	1901	2558																																																																								
7500	80	100	0.45	120	Results	100789	53766	17964	0	17964	0	0	0	314	0	0	98	572	1931	2558																																																																								
7500	80	100	0.45	150	Results	100789	53766	17882	0	17882	0	0	0	346	0	0	98	627	1953	2558																																																																								
7500	80	100	0.45	180	Results	100789	53766	17791	0	17791	0	0	0	379	0	0	98	686	1952	2558																																																																								
7500	80	100	0.45	210	Results	100789	53766	17753	14	17767	8	1	9	441	849	12	98	794	1943	2558																																																																								
7500	80	100	0.45	240	Results	100789	53766	17426	27	17453	619	2	621	500	754	10	98	894	1987	2558																																																																								
7500	80	100	0.45	270	Results	100789	53766	11735	4062	15797	3909	3595	7504	964	591	37	98	1108	4019	2558																																																																								
7500	80	100	0.45	300	Results	100789	53766	11311	4863	16174	4276	4488	8764	1130	556	41	98	1126	4324	2558																																																																								


7500	80	100	0.5	30	Results	100789	53766	18281	0	18281	0	0	0	220	0	0	98	407	783	2558																																																																								
7500	80	100	0.5	60	Results	100789	53766	18183	0	18183	0	0	0	251	0	0	98	461	812	2558																																																																								
7500	80	100	0.5	90	Results	100789	53766	18065	0	18065	0	0	0	282	0	0	98	515	850	2558																																																																								
7500	80	100	0.5	120	Results	100789	53766	17964	0	17964	0	0	0	312	0	0	98	569	868	2558																																																																								
7500	80	100	0.5	150	Results	100789	53766	17852	0	17852	0	0	0	344	0	0	98	623	901	2558																																																																								
7500	80	100	0.5	180	Results	100789	53766	17753	0	17753	0	0	0	378	0	0	98	683	913	2558																																																																								
7500	80	100	0.5	210	Results	100789	53766	17636	0	17636	0	0	0	420	0	0	98	759	905	2558																																																																								
7500	80	100	0.5	240	Results	100789	53766	17282	37	17319	815	2	817	499	690	15	97	887	962	2558																																																																								
7500	80	100	0.5	270	Results	100789	53766	13664	2552	16216	2972	2265	5237	798	588	34	97	1046	2007	2558																																																																								
7500	80	100	0.5	300	Results	100789	53766	11702	4516	16218	3985	4184	8169	1018	557	40	96	1109	2780	2558																																																																								


7500	80	100	0.55	30	Results	100789	53766	18269	0	18269	0	0	0	134	0	0	54	246	0	2558																																																																								
7500	80	100	0.55	60	Results	100789	53766	18151	0	18151	0	0	0	183	0	0	63	335	1	2558																																																																								
7500	80	100	0.55	90	Results	100789	53766	18026	0	18026	0	0	0	223	0	0	68	406	7	2558																																																																								
7500	80	100	0.55	120	Results	100789	53766	17888	0	17888	0	0	0	259	0	0	71	470	18	2558																																																																								
7500	80	100	0.55	150	Results	100789	53766	17805	0	17805	0	0	0	295	0	0	74	534	25	2558																																																																								
7500	80	100	0.55	180	Results	100789	53766	17717	0	17717	0	0	0	330	0	0	76	596	33	2558																																																																								
7500	80	100	0.55	210	Results	100789	53766	17527	0	17527	0	0	0	372	0	0	79	671	36	2558																																																																								
7500	80	100	0.55	240	Results	100789	53766	17586	1	17587	0	0	0	407	549	0	78	730	36	2558																																																																								
7500	80	100	0.55	270	Results	100789	53766	17299	7	17306	449	0	449	443	747	8	77	794	49	2558																																																																								
7500	80	100	0.55	300	Results	100789	53766	17318	71	17389	847	38	885	489	609	18	79	862	69	2558																																																																								


7500	80	100	0.6	30	Results	100789	53766	16914	0	16914	0	0	0	54	0	0	12	93	0	2558																																																																								
7500	80	100	0.6	60	Results	100789	53766	16858	0	16858	0	0	0	85	0	0	13	146	0	2558																																																																								
7500	80	100	0.6	90	Results	100789	53766	16804	0	16804	0	0	0	117	0	0	13	198	0	2558																																																																								
7500	80	100	0.6	120	Results	100789	53766	16758	0	16758	0	0	0	149	0	0	14	251	0	2558																																																																								
7500	80	100	0.6	150	Results	100789	53766	16709	0	16709	0	0	0	180	0	0	15	302	0	2558																																																																								
7500	80	100	0.6	180	Results	100789	53766	16670	0	16670	0	0	0	210	0	0	15	352	0	2558																																																																								
7500	80	100	0.6	210	Results	100789	53766	16610	0	16610	0	0	0	241	0	0	15	404	0	2558																																																																								
7500	80	100	0.6	240	Results	100789	53766	16556	0	16556	0	0	0	271	0	0	15	453	0	2558																																																																								
7500	80	100	0.6	270	Results	100789	53766	16532	0	16532	0	0	0	301	0	0	15	502	0	2558																																																																								
7500	80	100	0.6	300	Results	100789	53766	16463	0	16463	0	0	0	334	0	0	16	556	0	2558																																																																								


7500	80	100	0.65	30	Results	100789	53766	15577	0	15577	0	0	0	41	0	0	6	65	0	2558																																																																								
7500	80	100	0.65	60	Results	100789	53766	15532	0	15532	0	0	0	72	0	0	6	114	0	2558																																																																								
7500	80	100	0.65	90	Results	100789	53766	15485	0	15485	0	0	0	103	0	0	6	160	0	2558																																																																								
7500	80	100	0.65	120	Results	100789	53766	15433	0	15433	0	0	0	132	0	0	6	206	0	2558																																																																								
7500	80	100	0.65	150	Results	100789	53766	15390	0	15390	0	0	0	163	0	0	7	253	0	2558																																																																								
7500	80	100	0.65	180	Results	100789	53766	15341	0	15341	0	0	0	193	0	0	6	298	0	2558																																																																								
7500	80	100	0.65	210	Results	100789	53766	15312	0	15312	0	0	0	223	0	0	6	344	0	2558																																																																								
7500	80	100	0.65	240	Results	100789	53766	15250	0	15250	0	0	0	253	0	0	6	389	0	2558																																																																								
7500	80	100	0.65	270	Results	100789	53766	15200	0	15200	0	0	0	283	0	0	7	435	0	2558																																																																								
7500	80	100	0.65	300	Results	100789	53766	15152	0	15152	0	0	0	313	0	0	6	480	0	2558																																																																								


7500	80	100	0.7	30	Results	100789	53766	14452	0	14452	0	0	0	37	0	0	4	55	0	2558																																																																								
7500	80	100	0.7	60	Results	100789	53766	14408	0	14408	0	0	0	68	0	0	4	99	0	2558																																																																								
7500	80	100	0.7	90	Results	100789	53766	14368	0	14368	0	0	0	97	0	0	4	141	0	2558																																																																								
7500	80	100	0.7	120	Results	100789	53766	14320	0	14320	0	0	0	127	0	0	4	183	0	2558																																																																								
7500	80	100	0.7	150	Results	100789	53766	14282	0	14282	0	0	0	158	0	0	4	227	0	2558																																																																								
7500	80	100	0.7	180	Results	100789	53766	14232	0	14232	0	0	0	187	0	0	4	269	0	2558																																																																								
7500	80	100	0.7	210	Results	100789	53766	14185	0	14185	0	0	0	217	0	0	4	311	0	2558																																																																								
7500	80	100	0.7	240	Results	100789	53766	14143	0	14143	0	0	0	247	0	0	4	353	0	2558																																																																								
7500	80	100	0.7	270	Results	100789	53766	14111	0	14111	0	0	0	278	0	0	4	395	0	2558																																																																								
7500	80	100	0.7	300	Results	100789	53766	14076	0	14076	0	0	0	307	0	0	4	437	0	2558																																																																								


7500	80	100	0.75	30	Results	100789	53766	13469	0	13469	0	0	0	35	0	0	3	48	0	2558																																																																								
7500	80	100	0.75	60	Results	100789	53766	13429	0	13429	0	0	0	65	0	0	3	89	0	2558																																																																								
7500	80	100	0.75	90	Results	100789	53766	13387	0	13387	0	0	0	95	0	0	3	129	0	2558																																																																								
7500	80	100	0.75	120	Results	100789	53766	13356	0	13356	0	0	0	125	0	0	3	168	0	2558																																																																								
7500	80	100	0.75	150	Results	100789	53766	13307	0	13307	0	0	0	155	0	0	3	208	0	2558																																																																								
7500	80	100	0.75	180	Results	100789	53766	13270	0	13270	0	0	0	185	0	0	3	247	0	2558																																																																								
7500	80	100	0.75	210	Results	100789	53766	13245	0	13245	0	0	0	215	0	0	3	287	0	2558																																																																								
7500	80	100	0.75	240	Results	100789	53766	13220	0	13220	0	0	0	245	0	0	3	326	0	2558																																																																								
7500	80	100	0.75	270	Results	100789	53766	13176	0	13176	0	0	0	275	0	0	3	365	0	2558																																																																								
7500	80	100	0.75	300	Results	100789	53766	13132	0	13132	0	0	0	305	0	0	3	404	0	2558																																																																								


7500	80	100	0.8	30	Results	100789	53766	12625	0	12625	0	0	0	34	0	0	2	44	0	2558																																																																								
7500	80	100	0.8	60	Results	100789	53766	12587	0	12587	0	0	0	64	0	0	2	81	0	2558																																																																								
7500	80	100	0.8	90	Results	100789	53766	12549	0	12549	0	0	0	94	0	0	2	119	0	2558																																																																								
7500	80	100	0.8	120	Results	100789	53766	12507	0	12507	0	0	0	124	0	0	2	156	0	2558																																																																								
7500	80	100	0.8	150	Results	100789	53766	12476	0	12476	0	0	0	154	0	0	2	193	0	2558																																																																								
7500	80	100	0.8	180	Results	100789	53766	12436	0	12436	0	0	0	184	0	0	2	230	0	2558																																																																								
7500	80	100	0.8	210	Results	100789	53766	12394	0	12394	0	0	0	214	0	0	2	267	0	2558																																																																								
7500	80	100	0.8	240	Results	100789	53766	12355	0	12355	0	0	0	244	0	0	2	304	0	2558																																																																								
7500	80	100	0.8	270	Results	100789	53766	12322	0	12322	0	0	0	274	0	0	2	341	0	2558																																																																								
7500	80	100	0.8	300	Results	100789	53766	12287	0	12287	0	0	0	304	0	0	2	377	0	2558																																																																								


7500	80	100	0.85	30	Results	100789	53766	11838	0	11838	0	0	0	33	0	0	2	40	0	2558																																																																								
7500	80	100	0.85	60	Results	100789	53766	11788	0	11788	0	0	0	63	0	0	2	75	0	2558																																																																								
7500	80	100	0.85	90	Results	100789	53766	11740	0	11740	0	0	0	93	0	0	2	110	0	2558																																																																								
7500	80	100	0.85	120	Results	100789	53766	11705	0	11705	0	0	0	123	0	0	2	145	0	2558																																																																								
7500	80	100	0.85	150	Results	100789	53766	11675	0	11675	0	0	0	153	0	0	2	180	0	2558																																																																								
7500	80	100	0.85	180	Results	100789	53766	11642	0	11642	0	0	0	183	0	0	2	214	0	2558																																																																								
7500	80	100	0.85	210	Results	100789	53766	11617	0	11617	0	0	0	213	0	0	2	249	0	2558																																																																								
7500	80	100	0.85	240	Results	100789	53766	11587	0	11587	0	0	0	243	0	0	2	284	0	2558																																																																								
7500	80	100	0.85	270	Results	100789	53766	11545	0	11545	0	0	0	273	0	0	2	318	0	2558																																																																								
7500	80	100	0.85	300	Results	100789	53766	11514	0	11514	0	0	0	303	0	0	2	352	0	2558																																																																								


7500	80	100	0.9	30	Results	100789	53766	11154	0	11154	0	0	0	32	0	0	1	37	0	2558																																																																								
7500	80	100	0.9	60	Results	100789	53766	11117	0	11117	0	0	0	62	0	0	1	70	0	2558																																																																								
7500	80	100	0.9	90	Results	100789	53766	11077	0	11077	0	0	0	92	0	0	1	103	0	2558																																																																								
7500	80	100	0.9	120	Results	100789	53766	11044	0	11044	0	0	0	122	0	0	1	136	0	2558																																																																								
7500	80	100	0.9	150	Results	100789	53766	11017	0	11017	0	0	0	152	0	0	1	169	0	2558																																																																								
7500	80	100	0.9	180	Results	100789	53766	10984	0	10984	0	0	0	182	0	0	1	201	0	2558																																																																								
7500	80	100	0.9	210	Results	100789	53766	10952	0	10952	0	0	0	212	0	0	1	234	0	2558																																																																								
7500	80	100	0.9	240	Results	100789	53766	10910	0	10910	0	0	0	242	0	0	1	267	0	2558																																																																								
7500	80	100	0.9	270	Results	100789	53766	10877	0	10877	0	0	0	272	0	0	1	299	0	2558																																																																								
7500	80	100	0.9	300	Results	100789	53766	10840	0	10840	0	0	0	302	0	0	1	331	0	2558																																																																								


7500	80	100	1	30	Results	100789	53766	9955	0	9955	0	0	0	31	0	0	1	32	0	2558																																																																								
7500	80	100	1	60	Results	100789	53766	9925	0	9925	0	0	0	61	0	0	1	62	0	2558																																																																								
7500	80	100	1	90	Results	100789	53766	9901	0	9901	0	0	0	91	0	0	1	91	0	2558																																																																								
7500	80	100	1	120	Results	100789	53766	9869	0	9869	0	0	0	121	0	0	1	121	0	2558																																																																								
7500	80	100	1	150	Results	100789	53766	9845	0	9845	0	0	0	151	0	0	1	150	0	2558																																																																								
7500	80	100	1	180	Results	100789	53766	9813	0	9813	0	0	0	181	0	0	1	179	0	2558																																																																								
7500	80	100	1	210	Results	100789	53766	9789	0	9789	0	0	0	211	0	0	1	208	0	2558																																																																								
7500	80	100	1	240	Results	100789	53766	9753	0	9753	0	0	0	241	0	0	1	237	0	2558																																																																								
7500	80	100	1	270	Results	100789	53766	9729	0	9729	0	0	0	271	0	0	1	266	0	2558																																																																								
7500	80	100	1	300	Results	100789	53766	9695	0	9695	0	0	0	301	0	0	1	295	0	2558																																																																								


7500	80	100	1.25	30	Results	100789	53766	8034	0	8034	0	0	0	31	0	0	1	25	0	2558																																																																								
7500	80	100	1.25	60	Results	100789	53766	8013	0	8013	0	0	0	61	0	0	1	49	0	2558																																																																								
7500	80	100	1.25	90	Results	100789	53766	7991	0	7991	0	0	0	91	0	0	1	73	0	2558																																																																								
7500	80	100	1.25	120	Results	100789	53766	7964	0	7964	0	0	0	121	0	0	0	96	0	2558																																																																								
7500	80	100	1.25	150	Results	100789	53766	7942	0	7942	0	0	0	151	0	0	1	120	0	2558																																																																								
7500	80	100	1.25	180	Results	100789	53766	7911	0	7911	0	0	0	180	0	0	0	144	0	2558																																																																								
7500	80	100	1.25	210	Results	100789	53766	7885	0	7885	0	0	0	211	0	0	0	167	0	2558																																																																								
7500	80	100	1.25	240	Results	100789	53766	7865	0	7865	0	0	0	240	0	0	0	191	0	2558																																																																								
7500	80	100	1.25	270	Results	100789	53766	7837	0	7837	0	0	0	271	0	0	1	214	0	2558																																																																								
7500	80	100	1.25	300	Results	100789	53766	7818	0	7818	0	0	0	300	0	0	0	237	0	2558																																																																								


7500	80	100	1.5	30	Results	100789	53766	6690	0	6690	0	0	0	30	0	0	0	21	0	2558																																																																								
7500	80	100	1.5	60	Results	100789	53766	6673	0	6673	0	0	0	60	0	0	0	40	0	2558																																																																								
7500	80	100	1.5	90	Results	100789	53766	6653	0	6653	0	0	0	90	0	0	0	60	0	2558																																																																								
7500	80	100	1.5	120	Results	100789	53766	6638	0	6638	0	0	0	120	0	0	0	80	0	2558																																																																								
7500	80	100	1.5	150	Results	100789	53766	6619	0	6619	0	0	0	150	0	0	0	100	0	2558																																																																								
7500	80	100	1.5	180	Results	100789	53766	6604	0	6604	0	0	0	180	0	0	0	119	0	2558																																																																								
7500	80	100	1.5	210	Results	100789	53766	6586	0	6586	0	0	0	210	0	0	0	139	0	2558																																																																								
7500	80	100	1.5	240	Results	100789	53766	6568	0	6568	0	0	0	240	0	0	0	159	0	2558																																																																								
7500	80	100	1.5	270	Results	100789	53766	6546	0	6546	0	0	0	270	0	0	0	178	0	2558																																																																								
7500	80	100	1.5	300	Results	100789	53766	6521	0	6521	0	0	0	300	0	0	0	198	0	2558																																																																								


7500	80	100	1.75	30	Results	100789	53766	5730	0	5730	0	0	0	30	0	0	0	17	0	2558																																																																								
7500	80	100	1.75	60	Results	100789	53766	5710	0	5710	0	0	0	60	0	0	0	34	0	2558																																																																								
7500	80	100	1.75	90	Results	100789	53766	5695	0	5695	0	0	0	90	0	0	0	51	0	2558																																																																								
7500	80	100	1.75	120	Results	100789	53766	5682	0	5682	0	0	0	120	0	0	0	68	0	2558																																																																								
7500	80	100	1.75	150	Results	100789	53766	5665	0	5665	0	0	0	150	0	0	0	85	0	2558																																																																								
7500	80	100	1.75	180	Results	100789	53766	5647	0	5647	0	0	0	180	0	0	0	102	0	2558																																																																								
7500	80	100	1.75	210	Results	100789	53766	5632	0	5632	0	0	0	210	0	0	0	119	0	2558																																																																								
7500	80	100	1.75	240	Results	100789	53766	5617	0	5617	0	0	0	240	0	0	0	136	0	2558																																																																								
7500	80	100	1.75	270	Results	100789	53766	5600	0	5600	0	0	0	270	0	0	0	152	0	2558																																																																								
7500	80	100	1.75	300	Results	100789	53766	5589	0	5589	0	0	0	300	0	0	0	169	0	2558																																																																								


7500	80	100	2	30	Results	100789	53766	5008	0	5008	0	0	0	30	0	0	0	15	0	2558																																																																								
7500	80	100	2	60	Results	100789	53766	4993	0	4993	0	0	0	60	0	0	0	30	0	2558																																																																								
7500	80	100	2	90	Results	100789	53766	4977	0	4977	0	0	0	90	0	0	0	45	0	2558																																																																								
7500	80	100	2	120	Results	100789	53766	4958	0	4958	0	0	0	120	0	0	0	60	0	2558																																																																								
7500	80	100	2	150	Results	100789	53766	4949	0	4949	0	0	0	150	0	0	0	74	0	2558																																																																								
7500	80	100	2	180	Results	100789	53766	4933	0	4933	0	0	0	180	0	0	0	89	0	2558																																																																								
7500	80	100	2	210	Results	100789	53766	4920	0	4920	0	0	0	210	0	0	0	104	0	2558																																																																								
7500	80	100	2	240	Results	100789	53766	4905	0	4905	0	0	0	240	0	0	0	118	0	2558																																																																								
7500	80	100	2	270	Results	100789	53766	4894	0	4894	0	0	0	270	0	0	0	133	0	2558																																																																								
7500	80	100	2	300	Results	100789	53766	4876	0	4876	0	0	0	300	0	0	0	147	0	2558																																																																								
